100

Na -3.556542 7.562351 -6.524800 
Na -12.427200 7.519388 0.350357 
Na 2.932594 -1.321137 -10.673597 
Na 8.433603 12.645603 -10.678180 
Na -7.919801 11.723548 5.754958 
Na -8.159272 1.739990 2.421636 
Na 5.044010 -12.515305 -0.624320 
Na 1.053460 -0.373198 -5.118351 
Na 2.468989 -6.998428 0.612533 
Na -9.292739 -0.321300 -1.594221 
Na 0.893600 9.694959 -12.512482 
Na -9.429640 -4.938844 -1.188016 
Na 11.647138 4.982084 12.275522 
Na 1.068774 -2.973907 12.760217 
Na -4.673897 0.548542 5.388590 
Na 8.938636 4.255803 -7.932709 
Na -5.655586 11.674203 -11.810551 
Na 12.966443 4.382119 5.573117 
Na 9.313959 8.921438 10.696556 
Na 8.589481 -3.009788 -5.277350 
Na -5.263284 5.760768 6.350745 
Na -12.874693 1.699403 -2.393451 
Na -7.807403 9.043818 -3.719248 
Na -6.617953 -3.643638 8.848554 
Na 0.066006 -7.784747 7.238171 
Na -2.237438 -12.195266 -8.771618 
Na 5.485212 9.154431 1.663047 
Na 11.287415 -9.108853 -5.576185 
Na 4.638160 -8.983546 9.123219 
Na -10.755291 -3.790949 5.167036 
Na -1.474539 2.591098 -11.476601 
Na -5.625985 6.857552 11.679823 
Na 4.034329 -4.364032 8.802691 
Na 5.076762 2.987501 -8.296015 
Na -2.368335 0.816068 -2.276028 
Na 1.860047 -6.698720 -6.121597 
Na -2.053090 9.226855 1.786004 
Na -5.929872 11.471564 10.995055 
Na 12.237165 -3.002975 0.586152 
Na -12.239437 4.371040 -5.556295 
Na 8.243077 -12.517870 -6.932827 
Na 12.947062 3.875625 -3.879321 
Na -3.133700 -11.492710 9.936747 
Na -0.761776 -8.162657 -8.946423 
Na -11.975772 -1.092529 -10.474859 
Na 7.049139 -1.654414 -0.701426 
Na -2.871189 -6.411337 -0.219296 
Na 9.253410 -2.007703 8.530957 
Na -1.628265 12.723422 -6.833796 
Na 0.896876 11.742705 4.310840 
Cl 3.610821 2.526090 8.150288 
Cl -9.608475 -7.277926 -11.313987 
Cl -5.952146 -7.961263 5.088038 
Cl -5.257569 -12.216417 2.541306 
Cl -11.172451 -6.896015 11.700208 
Cl -11.810942 -12.703891 -4.348724 
Cl 10.619237 -4.199081 4.467721 
Cl -12.941610 -5.083918 -9.017128 
Cl 11.820571 10.284998 -1.949703 
Cl -6.789538 0.712662 -8.668827 
Cl 7.970705 3.846953 -0.488355 
Cl -12.828383 9.677114 6.781123 
Cl 9.694121 -6.332175 11.231879 
Cl -12.246832 11.361522 1.789617 
Cl 10.116334 -0.100051 12.701765 
Cl -2.532037 1.874509 11.295840 
Cl 2.214381 0.410876 3.664262 
Cl 11.599585 4.287293 1.337007 
Cl -4.405717 -6.498326 -11.252117 
Cl 12.258545 8.792547 -9.895826 
Cl -11.671599 12.388920 -11.142615 
Cl -11.165943 6.999203 12.914724 
Cl -9.418059 6.257749 8.707271 
Cl -2.234983 -10.418122 4.613902 
Cl -12.246166 -12.766365 -8.884507 
Cl -4.106744 7.001436 -10.614845 
Cl 6.338651 -5.673974 -10.735343 
Cl 1.167678 4.654406 -1.340622 
Cl 6.134711 -8.229824 4.179665 
Cl 1.912309 4.819649 12.625520 
Cl -10.984284 -9.766113 -0.212051 
Cl -5.527526 3.476098 -0.057081 
Cl 7.653249 9.936483 6.399929 
Cl 3.230587 10.604338 -1.554707 
Cl -9.826494 -2.845771 -6.732490 
Cl -8.252206 -7.302190 8.577024 
Cl -11.243759 -11.817976 12.798847 
Cl 3.584337 9.291759 11.327939 
Cl 9.939011 -11.086126 2.850635 
Cl 11.396809 12.847538 3.912659 
Cl 9.911876 -1.824707 -10.579584 
Cl 0.661155 7.855757 8.535403 
Cl 12.567412 10.792300 -6.079027 
Cl -7.320579 -11.355648 10.029727 
Cl 10.167088 -10.086320 -9.743532 
Cl 9.150564 -9.749751 7.226047 
Cl -6.002654 -1.475722 -12.336392 
Cl -0.571685 12.342532 -0.936139 
Cl -0.856511 3.480327 6.876482 
Cl -11.431026 -6.906145 -4.194997 
